U:2
T:1530356264.931052
U:3
T:1530356264.931052
U:5
T:1530356264.931052
U:0
T:1530356264.931052
